$ 1 0.000005 28.90693621245522 36 5 43 5e-11
w -1872 -784 -1792 -784 0
w -1840 -592 -1792 -592 0
r -1792 -784 -1792 -592 0 1000
v -2016 -592 -2016 -672 0 1 50 5 0 0 0.5
v -1984 -704 -1984 -784 0 1 1000 10 0 0 0.5
f -1920 -832 -1920 -784 40 1.5 0.02
w -1984 -784 -1936 -784 0
w -1904 -784 -1872 -784 0
w -1984 -784 -1984 -832 0
w -1984 -832 -1920 -832 0
w -1952 -592 -1840 -592 0
w -1792 -592 -1680 -592 0
x -2152 -737 -2035 -734 4 20 Carrier\sWave
x -2170 -652 -2033 -649 4 20 Message\sWave
x -1630 -719 -1545 -716 4 20 AM\sWave
w -1792 -784 -1680 -784 0
p -1680 -784 -1680 -592 3 0 0
w -2016 -592 -1952 -592 0
174 -1952 -672 -2016 -704 1 10000 0.9950000000000001 Resistance
o 16 128 0 4098 20 0.1 0 4 4 3 3 0 3 3
