$ 1 0.000005 382.76258214399064 36 5 43 5e-11
w -2208 -896 -2128 -896 0
w -2176 -704 -2128 -704 0
r -2128 -896 -2128 -704 0 1000
v -2352 -704 -2352 -784 0 1 50 5 0 0 0.5
v -2320 -816 -2320 -896 0 1 1000 10 0 0 0.5
f -2256 -944 -2256 -896 40 1.5 0.02
w -2320 -896 -2272 -896 0
w -2240 -896 -2208 -896 0
w -2320 -896 -2320 -944 0
w -2320 -944 -2256 -944 0
w -2288 -704 -2176 -704 0
w -2128 -704 -2016 -704 0
x -2488 -849 -2371 -846 4 20 Carrier\sWave
x -2506 -764 -2369 -761 4 20 Message\sWave
x -1991 -827 -1906 -824 4 20 AM\sWave
w -2128 -896 -2016 -896 0
p -2016 -896 -2016 -704 3 0 0
w -2352 -704 -2288 -704 0
174 -2288 -784 -2352 -816 1 10000 0.9752000000000001 Resistance
x -2335 -646 -2030 -643 4 24 Amplitude\sModulation\sCircuit
w -2016 -704 -1872 -704 0
p -1744 -896 -1744 -704 3 0 0
w -1808 -704 -1744 -704 0
w -1872 -704 -1808 -704 0
d -2016 -896 -1872 -896 2 default
w -1808 -896 -1744 -896 0
x -1725 -824 -1551 -821 4 20 Demodulated\sWave
x -1943 -653 -1607 -650 4 24 Amplitude\sDemodulation\sCircuit
c -1872 -896 -1872 -704 0 0.000001 6.37915063142 0.001
r -1808 -896 -1808 -704 0 5000
w -1872 -896 -1808 -896 0
o 16 128 0 4098 20 0.1 0 4 4 3 3 0 3 3
o 21 128 0 4098 10 0.1 1 1
